1.000000,1.017460
2.000000,1.600323
3.000000,1.785245
4.000000,2.034920
5.000000,2.298710
6.000000,2.584588
7.000000,2.886567
8.000000,3.200645
9.000000,3.281765
10.000000,3.371024
11.000000,3.467523
12.000000,3.570489
13.000000,3.679257
14.000000,3.793250
15.000000,3.911964
16.000000,4.069840
17.000000,4.196723
18.000000,4.327142
19.000000,4.460797
20.000000,4.597421
21.000000,4.736773
22.000000,4.878642
23.000000,5.022833
24.000000,5.169175
25.000000,5.317512
26.000000,5.467700
27.000000,5.619614
28.000000,5.773133
29.000000,5.928155
30.000000,6.084579
31.000000,6.242319
32.000000,6.401291
33.000000,6.440215
34.000000,6.480252
35.000000,6.521368
36.000000,6.563530
37.000000,6.606709
38.000000,6.650874
39.000000,6.695996
40.000000,6.742048
41.000000,6.789004
42.000000,6.836839
43.000000,6.885527
44.000000,6.935045
45.000000,6.985372
46.000000,7.036483
47.000000,7.088358
48.000000,7.140978
49.000000,7.194323
50.000000,7.248372
