1.000000,1.008749
2.000000,1.508749
3.000000,1.758749
4.000000,2.017498
5.000000,2.267498
6.000000,2.517498
7.000000,2.767498
8.000000,3.017498
9.000000,3.142498
10.000000,3.267498
11.000000,3.392498
12.000000,3.517498
13.000000,3.642498
14.000000,3.767498
15.000000,3.892498
16.000000,4.034996
17.000000,4.159996
18.000000,4.284996
19.000000,4.409996
20.000000,4.534996
21.000000,4.659996
22.000000,4.784996
23.000000,4.909996
24.000000,5.034996
25.000000,5.159996
26.000000,5.284996
27.000000,5.409996
28.000000,5.534996
29.000000,5.659996
30.000000,5.784996
31.000000,5.909996
32.000000,6.034996
33.000000,6.097496
34.000000,6.159996
35.000000,6.222496
36.000000,6.284996
37.000000,6.347496
38.000000,6.409996
39.000000,6.472496
40.000000,6.534996
41.000000,6.597496
42.000000,6.659996
43.000000,6.722496
44.000000,6.784996
45.000000,6.847496
46.000000,6.909996
47.000000,6.972496
48.000000,7.034996
49.000000,7.097496
50.000000,7.159996
